2456184.92781     12.649    0.003      2191
2456185.92270     12.590    0.003      2192
2456185.97295     12.596    0.002      2192
2456201.93744     12.637    0.004      2193
2456201.96741     12.639    0.004      2193
2456202.00260     12.642    0.004      2193
2456202.87266     12.652    0.005      2194
2456202.91640     12.658    0.004      2194
2456202.96655     12.657    0.004      2194
2456203.00458     12.658    0.004      2194
2456203.87207     12.625    0.004      2195
2456203.93304     12.622    0.004      2195
2456203.96421     12.620    0.004      2195
2456204.87406     12.577    0.005      2196
2456204.89336     12.581    0.005      2196
2456204.93308     12.590    0.004      2196
2456204.95158     12.587    0.004      2196
2456204.96819     12.590    0.004      2196
2456204.98598     12.590    0.004      2196
2456205.01121     12.590    0.004      2196
2456205.01694     12.588    0.004      2196
2456205.87830     12.642    0.004      2197
2456205.93331     12.645    0.004      2197
2456205.94994     12.644    0.004      2197
2456205.97125     12.646    0.004      2197
2456205.98655     12.646    0.004      2197
2456206.01396     12.650    0.004      2197
2456206.01763     12.648    0.004      2197
2456207.85301     12.619    0.005      2198
2456207.92283     12.617    0.005      2198
2456207.95936     12.613    0.005      2198
2456208.01980     12.607    0.004      2198
2456208.88059     12.604    0.004      2199
2456208.94489     12.610    0.004      2199
2456208.97615     12.610    0.004      2199
2456209.87799     12.640    0.004      2213
2456209.94233     12.639    0.004      2213
2456209.97354     12.636    0.007      2213
2456210.87131     12.642    0.004      2227
2456210.93555     12.639    0.004      2227
2456210.96680     12.644    0.004      2227
2456211.01759     12.643    0.004      2227
2456211.87116     12.601    0.004      2241
2456211.93582     12.602    0.004      2241
2456211.96794     12.602    0.004      2241
2456212.01888     12.600    0.003      2241
